600
31.27 13.21
51.54 25.11
41.40 20.26
27.75 30.83
35.24 2.20
12.33 45.37
62.99 17.62
71.80 21.14
0.88 33.92
58.14 19.38
51.54 16.74
68.28 7.48
88.54 2.64
77.53 14.09
15.41 44.05
65.63 4.40
47.57 0.00
0.88 33.03
18.06 28.19
4.40 15.41
85.90 13.65
41.40 19.82
42.73 4.84
83.25 24.22
44.93 5.72
87.66 30.83
88.54 22.46
7.48 14.09
55.94 28.63
77.53 37.44
62.99 21.14
7.92 30.39
0.88 7.04
48.45 27.75
21.14 40.52
61.67 6.16
0.00 25.55
27.75 31.71
42.73 40.96
0.88 25.99
21.14 28.63
71.80 13.65
48.45 13.65
21.14 17.18
41.40 7.92
85.02 13.65
81.93 14.09
31.27 44.05
51.54 44.49
13.65 6.60
83.25 41.85
0.88 18.94
75.77 19.38
18.06 20.70
75.77 10.13
7.48 29.95
37.00 34.80
71.80 18.50
83.25 35.24
11.01 33.92
25.11 3.96
83.25 16.29
47.13 0.00
42.73 36.56
31.27 19.38
44.93 18.94
0.88 36.12
41.40 25.55
75.77 11.89
17.62 21.14
44.05 33.03
3.96 44.49
27.75 26.43
16.74 45.37
11.01 33.03
61.67 37.44
0.88 21.58
52.86 10.57
71.80 23.78
81.93 20.26
11.01 26.43
22.46 10.57
85.90 23.34
51.54 25.99
31.27 25.99
55.50 17.62
21.14 39.64
33.92 33.48
51.54 12.77
55.06 15.85
21.14 25.99
81.93 12.33
41.40 27.31
25.11 11.01
44.49 15.85
61.67 29.95
75.77 4.40
52.86 8.81
41.40 30.39
61.67 4.84
0.88 26.43
81.93 0.00
73.12 41.85
11.45 27.75
61.67 18.94
55.50 15.85
61.67 11.01
0.88 30.39
21.14 33.92
61.67 21.58
35.24 42.29
81.93 22.46
52.86 39.20
31.27 16.74
32.59 32.15
58.14 25.55
35.24 31.71
87.66 33.48
55.06 40.08
74.88 40.08
52.86 16.29
45.37 41.85
4.40 10.57
7.48 33.03
78.41 17.62
75.77 42.73
68.28 26.87
42.73 19.82
61.67 8.37
37.00 33.03
61.67 7.04
0.00 17.18
87.66 16.29
71.80 26.43
81.93 19.82
11.01 21.14
17.62 33.48
57.26 34.36
39.64 0.00
31.27 15.85
35.24 21.58
65.63 33.48
42.73 9.25
41.85 24.66
41.40 13.65
0.88 13.65
21.14 18.50
21.14 33.03
21.14 24.22
54.62 40.96
2.20 42.73
26.87 0.00
31.27 30.39
26.87 20.70
83.25 33.48
68.28 19.38
35.24 14.97
14.09 40.96
24.22 18.50
27.75 27.75
48.01 23.34
35.24 19.82
68.28 25.55
47.13 17.62
86.34 29.51
41.40 23.78
52.86 40.96
55.06 16.74
41.40 16.74
18.06 33.92
74.44 33.92
33.92 16.29
47.13 4.84
2.20 44.49
78.41 22.46
85.90 42.73
47.13 40.52
0.88 28.19
52.86 3.52
45.81 3.52
26.87 41.85
71.80 4.84
78.41 14.97
71.80 28.63
78.85 28.19
22.46 19.82
51.54 15.41
7.48 14.53
71.80 45.37
41.40 25.99
34.36 18.50
51.54 12.33
34.36 41.40
77.53 19.82
25.55 18.50
21.14 23.78
95.15 0.00
62.99 14.53
45.37 15.85
21.14 21.14
61.67 20.70
7.48 23.78
37.00 21.14
71.80 8.37
1.32 27.31
37.00 2.64
58.59 22.46
22.46 13.65
45.37 18.06
68.28 22.90
0.88 3.96
0.88 15.41
35.68 19.82
4.40 43.61
31.27 19.82
82.37 0.00
67.40 3.52
34.80 31.71
44.49 18.94
24.66 21.14
68.72 27.31
26.87 43.17
83.25 37.44
77.53 35.24
100.00 31.27
26.87 44.05
32.59 18.06
100.00 12.77
61.67 27.75
68.72 10.57
27.75 45.37
25.11 34.80
81.93 14.97
73.12 3.08
82.81 0.00
31.27 24.22
44.93 18.06
44.93 6.60
55.06 38.32
55.50 6.60
78.41 23.78
41.40 21.58
68.72 44.49
62.99 3.52
51.54 19.38
0.88 11.01
7.92 27.75
0.88 16.74
25.55 36.12
68.28 37.44
100.00 6.60
31.27 30.83
73.12 37.44
88.98 9.69
61.67 30.83
34.80 40.52
62.99 33.92
78.85 15.41
71.80 16.74
68.28 4.84
55.94 2.20
57.26 14.09
37.00 3.96
71.80 11.01
74.88 41.85
61.67 25.55
61.67 19.38
86.34 27.75
48.01 20.70
45.37 14.97
44.49 37.88
85.90 5.28
21.58 25.11
71.80 15.85
65.19 20.26
51.54 43.61
65.63 40.08
21.14 28.19
32.59 39.64
31.27 18.50
44.93 15.85
68.28 18.94
61.67 10.13
85.90 15.85
18.06 25.55
61.67 10.57
67.40 35.24
44.49 40.96
81.93 44.49
68.72 7.92
47.13 9.25
71.80 24.22
38.32 20.70
57.26 16.29
35.24 18.50
78.41 21.14
61.67 23.34
3.96 42.73
83.25 29.07
0.88 20.70
7.48 16.74
37.00 32.15
48.45 25.11
35.24 8.81
57.26 36.56
45.37 8.81
48.01 30.39
42.73 6.16
25.11 41.40
72.24 25.11
34.80 16.29
51.54 27.31
0.88 4.84
14.97 40.96
78.85 18.06
22.46 37.44
7.48 25.99
83.25 14.53
34.36 14.97
12.33 10.13
35.24 3.52
85.46 21.14
58.14 5.72
31.27 29.95
31.27 14.97
4.84 15.41
65.63 13.65
100.00 22.90
61.67 12.33
100.00 25.11
42.73 15.41
25.11 20.26
67.40 6.60
0.88 17.18
28.19 25.55
85.90 24.66
81.93 12.77
100.00 18.94
78.85 25.55
7.48 33.92
37.88 6.16
66.07 31.71
83.25 25.55
87.66 41.40
27.75 22.46
45.37 6.60
21.14 45.37
55.50 24.22
37.00 4.84
85.90 17.18
64.75 20.26
71.80 44.49
32.59 19.38
4.84 2.20
38.32 13.21
7.48 19.38
73.12 19.82
83.25 27.31
44.93 40.08
34.36 38.32
68.28 10.13
73.12 33.48
48.01 10.57
83.25 30.83
74.88 38.76
32.59 33.03
71.80 6.16
52.86 24.66
57.26 3.52
67.40 33.92
41.40 7.04
7.92 18.50
62.11 24.22
52.86 34.36
28.19 8.37
65.63 20.26
62.99 35.24
22.46 21.58
57.26 29.95
78.41 26.43
0.88 14.09
42.73 34.36
41.40 20.70
58.14 12.33
61.67 27.31
25.11 9.69
22.46 41.85
7.48 24.66
0.00 33.92
4.84 6.60
26.87 21.58
71.80 18.06
0.00 19.82
34.36 16.29
37.00 40.96
92.51 0.00
61.67 26.87
71.80 7.04
55.50 7.92
47.13 18.50
85.46 39.20
32.59 34.80
28.19 28.19
87.66 29.07
85.46 13.65
31.27 27.75
45.37 18.94
44.93 17.18
28.19 19.38
71.80 10.57
61.67 25.11
85.02 41.85
68.28 29.95
58.14 25.99
41.40 28.19
55.50 16.74
57.26 18.06
34.80 14.97
17.62 32.59
81.93 2.64
51.54 24.22
28.19 18.94
0.88 23.78
11.01 32.59
21.14 17.62
16.74 6.16
41.40 44.49
38.32 20.26
88.54 20.26
37.88 27.75
47.13 15.41
68.72 24.66
85.02 38.76
27.75 17.18
41.40 43.61
52.86 7.48
61.67 9.25
87.66 37.44
55.06 13.65
21.14 27.75
42.73 3.08
71.80 22.02
52.86 14.09
81.93 9.69
87.66 17.62
47.13 38.76
57.26 24.66
48.01 25.99
77.53 39.64
0.88 14.53
52.86 18.06
0.00 28.19
1.32 18.06
34.36 39.64
16.74 7.92
84.58 33.92
41.40 18.06
44.49 39.20
21.14 15.41
4.84 10.57
47.13 36.56
65.63 10.13
77.53 6.60
75.33 40.96
41.40 23.34
100.00 19.82
52.86 36.56
83.25 18.50
87.66 39.64
51.54 22.46
0.88 29.95
87.66 21.58
83.25 21.58
65.63 14.97
21.14 20.26
62.99 36.12
75.77 2.20
0.88 19.38
61.67 12.77
45.37 31.27
92.07 0.00
15.41 2.20
51.54 4.84
26.87 48.01
78.85 10.57
55.50 41.85
61.67 44.49
54.62 39.20
11.01 21.58
67.40 36.12
73.12 35.24
41.40 5.72
21.14 30.83
41.40 27.75
12.33 3.52
32.59 2.64
81.93 45.37
83.25 17.62
42.73 16.74
48.01 27.31
22.46 11.89
26.87 19.82
21.14 8.37
85.90 21.14
44.93 38.32
16.74 3.52
54.18 33.03
37.00 37.00
78.41 4.84
51.54 5.72
42.73 17.62
25.11 21.14
75.77 32.59
68.28 12.77
7.48 28.63
34.36 19.82
83.25 40.08
47.13 6.16
88.54 12.33
25.11 18.50
4.84 34.80
71.80 14.53
75.33 39.20
44.93 14.97
0.88 30.83
67.40 33.03
41.40 15.85
27.75 15.41
34.80 38.76
12.33 6.16
24.66 20.26
0.00 8.81
25.11 42.73
38.32 17.62
52.86 17.18
78.41 7.48
87.66 35.24
16.74 10.13
31.27 6.16
71.80 25.99
37.88 25.99
31.27 26.43
11.01 27.31
41.40 22.02
4.40 34.80
57.26 40.52
48.01 22.02
68.28 30.83
57.26 38.76
71.80 9.25
58.14 27.31
55.50 14.53
71.80 27.75
41.40 14.97
22.46 44.05
77.53 9.25
32.59 41.40
55.06 24.22
51.54 25.55
85.02 40.08
42.73 7.48
41.40 10.57
71.80 10.13
51.54 14.53
87.66 18.50
31.27 44.93
62.99 15.85
37.00 39.20
3.96 41.40
45.37 2.20
34.80 18.50
52.86 29.95
37.88 30.39
32.59 3.96
31.71 0.00
12.33 7.92
45.37 17.18
14.97 11.89
32.59 4.84
55.50 13.65
71.80 30.83
42.73 18.50
22.46 20.70
27.75 33.03
11.01 25.99
25.11 37.88
47.13 34.36
24.66 18.50
42.73 39.20
41.40 18.94
31.27 23.34
51.54 27.75
45.37 5.72
68.28 12.33
11.01 33.48
31.27 28.19
71.80 12.33
21.14 31.71
0.88 28.63
6.60 15.85
600
