200
70.35 85.37
21.10 44.64
69.91 23.06
64.38 33.93
18.60 46.34
46.71 53.07
46.58 79.85
94.78 88.58
85.53 67.20
14.33 42.97
4.39 61.21
19.63 7.06
72.26 63.55
70.66 49.54
74.11 9.09
31.82 9.71
97.69 29.47
99.08 11.61
97.33 54.66
71.60 21.39
77.23 98.62
28.88 66.56
45.01 52.03
12.73 12.08
9.24 98.53
29.66 29.85
11.51 51.35
10.85 86.45
43.45 9.67
98.45 96.97
66.72 62.92
97.83 88.70
57.63 16.53
47.27 5.22
35.20 61.34
18.01 30.03
22.85 82.79
95.55 79.01
84.87 19.05
44.68 2.35
62.08 19.70
88.67 40.30
44.32 59.78
18.76 81.35
50.57 32.34
39.84 53.50
75.71 68.00
0.87 9.53
58.69 51.34
63.40 2.49
32.38 54.67
21.60 18.12
79.75 67.95
22.04 94.44
94.78 8.43
28.10 18.44
8.93 49.61
7.36 90.69
50.04 32.86
26.68 71.92
36.45 97.88
74.56 78.46
79.99 60.62
87.13 29.58
80.65 25.45
38.89 50.83
16.79 37.99
58.88 5.15
58.66 90.85
91.15 78.57
96.88 60.72
62.06 47.81
3.57 32.22
99.45 32.02
80.22 31.77
98.47 70.15
70.75 37.04
29.64 97.27
95.70 93.22
32.86 8.08
57.59 43.93
69.17 93.47
70.99 34.22
24.88 62.71
43.95 36.53
40.46 86.63
1.78 63.41
90.97 97.27
21.99 70.42
31.78 70.24
71.96 17.71
84.89 86.95
19.25 64.45
95.89 97.17
75.42 34.86
15.07 41.44
76.15 28.30
97.89 91.43
52.62 45.69
64.75 42.74
93.76 79.59
64.82 39.27
23.67 18.20
14.89 57.36
77.02 27.39
84.68 62.16
91.24 56.81
19.75 89.07
44.14 92.63
18.14 46.17
21.97 39.61
18.77 11.85
58.56 32.14
23.13 85.91
27.96 4.98
88.52 84.44
98.46 23.10
32.40 86.04
9.64 3.81
86.66 79.32
64.00 32.80
1.13 33.17
56.09 36.41
33.98 14.30
35.87 64.15
21.97 29.59
26.49 96.92
8.08 1.28
9.15 16.92
31.17 99.14
50.03 99.47
88.53 89.72
15.40 15.88
21.01 28.32
21.37 78.63
59.28 98.78
17.00 26.52
49.36 36.03
10.41 53.64
65.40 50.16
70.61 52.34
55.05 6.63
97.77 17.79
13.62 7.37
36.62 65.15
95.00 90.08
33.60 64.78
73.68 21.96
15.44 64.72
19.16 29.87
3.34 83.21
51.96 23.31
65.60 36.49
66.79 33.20
26.08 31.04
95.13 6.55
42.95 17.56
4.82 8.36
98.34 35.07
8.82 58.73
71.62 98.53
84.37 80.40
58.60 24.39
47.29 1.00
42.06 41.92
7.81 26.76
43.79 31.20
74.81 14.55
65.21 51.32
66.98 7.44
58.33 68.76
67.48 56.01
38.17 59.58
67.49 85.84
2.21 88.31
22.70 2.37
40.88 86.26
21.63 87.59
52.09 11.33
96.59 86.68
19.08 41.30
10.56 45.90
21.61 77.91
79.17 2.48
83.39 32.20
91.89 60.28
63.16 48.21
83.33 18.60
43.91 21.69
50.54 90.18
88.40 93.50
65.69 66.25
8.56 37.72
52.27 61.04
65.03 31.54
11.01 8.23
89.45 84.44
59.11 22.08
5.94 77.27
85.06 23.81
100
